Euler (72.7,12.5,9.81,0,0,10,20)
values of t	approximations v(t)
   0.000             0.0000
   0.500             4.9050
   1.000             9.3883
   1.500            13.4862
   2.000            17.2318
   2.500            20.6554
   3.000            23.7846
   3.500            26.6449
   4.000            29.2592
   4.500            31.6488
   5.000            33.8330
   5.500            35.8294
   6.000            37.6541
   6.500            39.3220
   7.000            40.8465
   7.500            42.2399
   8.000            43.5136
   8.500            44.6777
   9.000            45.7418
   9.500            46.7144
  10.000            47.6034
diary off
