Euler (72.7, 12.5, 8.87, 0, 0, 10, 20)
values of t	approximations v(t)
   0.000             0.0000
   0.500             4.4350
   1.000             8.4887
   1.500            12.1940
   2.000            15.5806
   2.500            18.6762
   3.000            21.5056
   3.500            24.0918
   4.000            26.4556
   4.500            28.6162
   5.000            30.5911
   5.500            32.3962
   6.000            34.0461
   6.500            35.5542
   7.000            36.9326
   7.500            38.1925
   8.000            39.3441
   8.500            40.3967
   9.000            41.3588
   9.500            42.2382
  10.000            43.0420
diary off
