Euler2(43.5,0.234,9.81,0,0,15,60)
values of t	approximations v(t)
   0.000             0.0000
   0.250             2.4525
   0.500             4.8969
   0.750             7.3172
   1.000             9.6977
   1.250            12.0237
   1.500            14.2818
   1.750            16.4600
   2.000            18.5481
   2.250            20.5379
   2.500            22.4232
   2.750            24.1995
   3.000            25.8645
   3.250            27.4173
   3.500            28.8589
   3.750            30.1914
   4.000            31.4180
   4.250            32.5431
   4.500            33.5713
   4.750            34.5082
   5.000            35.3592
   5.250            36.1303
   5.500            36.8273
   5.750            37.4559
   6.000            38.0216
   6.250            38.5300
   6.500            38.9860
   6.750            39.3945
   7.000            39.7599
   7.250            40.0865
   7.500            40.3779
   7.750            40.6378
   8.000            40.8695
   8.250            41.0757
   8.500            41.2592
   8.750            41.4223
   9.000            41.5674
   9.250            41.6962
   9.500            41.8106
   9.750            41.9122
  10.000            42.0023
  10.250            42.0823
  10.500            42.1532
  10.750            42.2161
  11.000            42.2718
  11.250            42.3213
  11.500            42.3651
  11.750            42.4039
  12.000            42.4382
  12.250            42.4687
  12.500            42.4957
  12.750            42.5196
  13.000            42.5407
  13.250            42.5595
  13.500            42.5761
  13.750            42.5908
  14.000            42.6038
  14.250            42.6153
  14.500            42.6255
  14.750            42.6346
  15.000            42.6426
diary off
